pdb_id,resolution,method,deposition_year,motif,motif_type,motif_chain,motif_range,motif_length,res1,res1_chain,res2,res2_chain,is_interchain,base_pair,lw_notation,bp_type,bp_stability_class,basepair_score,isPoor,shear,stretch,stagger,buckle,propeller,opening,dihedral_angle,distance,angle1,angle2,hbond_quality,hbond_score,number_of_hbonds,HasProtein_binding,Protein_HBond_Count,Protein_AA_Types,Protein_Binding_Details,HasLigand_binding,Ligand_HBond_Count,Ligand_Types,Ligand_Binding_Details,geometry_penalty,hbond_penalty,issues
6SPF,,EM,,HELIX-8-CCGUUGGG-CUUAGUGG-6SPF-1,HELIX,a,824-850,16,a-C-824-,a,a-G-850-,a,False,a-C-824--a-G-850-,cWW,C-G,3,75.0,False,0.548,-0.437,-0.207,16.487,-21.815,-0.225,23.3,2.68,125.07,116.43,,2.5746881877,3,False,0,,,False,0,,,25.0,0.0,"geom_misaligned,geom_twisted"
6SPF,,EM,,HELIX-8-CCGUUGGG-CUUAGUGG-6SPF-1,HELIX,a,824-850,16,a-C-825-,a,a-G-849-,a,False,a-C-825--a-G-849-,cWW,C-G,3,95.0,False,-0.488,-0.348,0.012,1.2,0.466,-1.972,1.17,2.92,118.67,125.0,,2.2500043139,3,False,0,,,False,0,,,0.0,5.0,hbond_bad_angles
6SPF,,EM,,HELIX-8-CCGUUGGG-CUUAGUGG-6SPF-1,HELIX,a,824-850,16,a-G-826-,a,a-U-848-,a,False,a-G-826--a-U-848-,cWW,G-U,1,60.0,True,-2.677,0.15,0.09,13.771,-11.65,3.732,170.1,3.37,131.7,121.2,,1.30195337,1,True,1,LYS,"LYS(O2'-NZ,2.68A)",False,0,,,25.0,15.0,"geom_misaligned,geom_twisted,hbond_poor_hbond,hbond_incorrect_count,hbond_weak_quality"
6SPF,,EM,,HELIX-8-CCGUUGGG-CUUAGUGG-6SPF-1,HELIX,a,824-850,16,a-G-847-,a,a-U-827-,a,False,a-G-847--a-U-827-,cWW,G-U,1,55.0,True,3.49,0.254,0.011,9.898,-19.751,15.769,,,,,,0.6745472814,0,False,0,,,False,0,,,40.0,5.0,"geom_misaligned,geom_twisted,geom_non_coplanar,hbond_poor_hbond"
6SPF,,EM,,HELIX-8-CCGUUGGG-CUUAGUGG-6SPF-1,HELIX,a,824-850,16,a-A-846-,a,a-U-828-,a,False,a-A-846--a-U-828-,cWW,A-U,2,90.0,False,0.402,-0.263,-0.156,-4.151,-6.942,5.211,-4.15,2.86,118.45,113.8,,1.9178110387,2,False,0,,,False,0,,,0.0,10.0,"hbond_poor_hbond,hbond_bad_angles"
6SPF,,EM,,HELIX-8-CCGUUGGG-CUUAGUGG-6SPF-1,HELIX,a,824-850,16,a-G-829-,a,a-U-845-,a,False,a-G-829--a-U-845-,cWW,G-U,1,65.0,True,-1.966,-0.822,-0.73,-20.827,-3.267,-8.672,167.6,2.61,117.1,119.0,,1.6014903064,1,True,2,"ARG,LYS","LYS(O3'-NZ,3.10A);ARG(O1P-NH1,3.69A)",False,0,,,25.0,10.0,"geom_twisted,geom_non_coplanar,hbond_poor_hbond,hbond_incorrect_count"
6SPF,,EM,,HELIX-8-CCGUUGGG-CUUAGUGG-6SPF-1,HELIX,a,824-850,16,a-G-830-,a,a-U-844-,a,False,a-G-830--a-U-844-,cWW,G-U,1,70.0,True,-2.975,-0.92,-0.268,1.609,-15.446,6.351,70.2,2.62,135.65,114.3,,1.6546323282,2,True,1,LYS,"LYS(O2P-NZ,3.12A)",False,0,,,15.0,15.0,"geom_misaligned,hbond_poor_hbond,hbond_bad_angles,hbond_weak_quality"
6SPF,,EM,,HELIX-8-CCGUUGGG-CUUAGUGG-6SPF-1,HELIX,a,824-850,16,a-C-843-,a,a-G-831-,a,False,a-C-843--a-G-831-,cWW,C-G,3,55.0,True,-0.724,0.579,0.234,-5.466,-13.355,19.892,68.45,2.95,135.3,120.05,,1.4033376604,2,False,0,,,False,0,,,30.0,15.0,"geom_misaligned,geom_non_coplanar,hbond_poor_hbond,hbond_incorrect_count,hbond_weak_quality"
